1010
1011
1018
1019
1024
1025
105
1070
1071
1092
1093
1094
1095
1096
1097
1104
1105
1118
1119
124
1242
1243
130
135
138
143
146
149
15
150
151
1539
1540
157
1610
1611
1638
1639
1718
1719
18
20
201
202
27
2708
2709
274
28
2974
2975
2977
2978
2980
2981
2982
2983
2984
2985
3039
3040
308
309
3238
3239
3283
3284
338
3388
3389
339
3433
3434
3441
3442
350
351
3517
3518
3543
3544
3623
3624
3653
3654
3655
3656
3709
3710
399
400
4177
4178
425
426
429
430
431
432
437
438
44
441
442
443
4439
444
4440
447
448
451
452
4543
4544
4561
4562
459
460
461
462
4774
4775
5014
5015
5106
5107
5129
5130
5133
5134
5135
5136
5145
5146
5155
5156
5174
5175
5178
5179
5298
5299
53
5408
5409
5410
5411
5430
5454
5455
5460
5461
5482
5483
5486
5487
5560
5561
5572
5573
5576
5577
5584
5585
5626
5627
5640
5641
5692
5693
5694
5695
5696
5697
5700
5701
5702
5703
5704
5705
5714
5715
5716
5717
5718
5719
5720
5721
5728
5729
5732
5733
5734
5735
5736
5737
5742
5743
5748
5749
5750
5751
5752
5753
5754
5755
5756
5757
5760
5761
5786
5787
5790
5791
5792
5793
5796
5797
5802
5803
5806
5807
5808
5809
5828
5829
5830
5831
5834
5835
5836
5837
5842
5843
5856
5857
5866
5867
5900
5901
5958
5959
5968
5969
5974
5975
5986
5987
5990
5991
60
6018
6019
6034
6035
6038
6039
6040
6041
6048
6049
6050
6051
6062
6063
6078
6079
6084
6085
6098
6100
6146
6147
6248
6249
6300
6301
6304
6305
6316
6317
6318
6319
6328
6329
6356
6357
6360
6361
6392
6393
6434
6435
6474
6475
6476
6477
649
650
6516
6608
6609
6614
6615
662
6620
6621
6622
663
665
666
669
670
6722
6723
6948
6949
6986
6987
7000
7001
71
7152
7153
72
7206
7207
7226
7227
7300
7301
74
7528
7529
7578
7579
76
77
7754
7755
7854
7855
7858
7859
7860
7861
81
810
811
814
815
816
817
826
827
874
875
876
877
884
885
894
895
938
939
944
945
9540
9541
9566
9567
982
983
984
985
988
989
992
993
Bountiful
Hawthorne
Herriman
MSI01
MTMET
NAA
Rose Park
WBB
